1912,35
111,4
111,3
111,2
111,1
111,0
48,9
48,8
48,7
48,6
48,5
48,4
48,3
48,2
48,1
48,0
46,4
46,3
46,1
25,9
25,8
25,7
25,6
25,5
25,4
25,3
25,2
25,1
25,0
20,3
20,2
20,1
19,3
19,2
19,1
14,152
14,151
14,150
14,149
14,148
14,147
14,146
14,145
14,144
14,143
14,142
14,141
14,140
14,139
14,138
14,137
14,136
14,133
14,132
14,129
14,126
14,125
14,124
14,123
14,120
14,103
14,97
14,93
14,86
14,85
14,81
14,75
14,73
14,72
14,71
14,70
14,66
14,64
14,21
14,10
14,9
18,1
14,2
18,3
14,0
13,10
13,9
13,8
13,7
14,1
13,6
14,153
13,0
12,3
14,3
12,2
13,1
12,1
13,4
11,21
13,3
11,9
11,3
11,2
11,1
9,7
9,6
9,4
9,3
9,2
9,1
8,18
8,15
8,14
8,13
8,12
8,10
8,8
8,7
8,6
8,4
8,3
8,2
8,1
2,3
2,2
2,1
0,573
0,524
0,519
0,509
0,505
0,497
0,478
0,474
0,473
0,472
0,470
0,446
0,445
0,443
0,442
0,431
0,430
0,428
0,427
0,418
0,408
0,398
0,393
0,392
0,391
0,390
0,386
0,382
0,380
0,375
0,0
1912,34
1912,33
1912,32
1912,31
1912,30
1912,29
1912,28
1912,27
1912,26
1912,25
1912,24
1912,23
1912,22
